0.000000 0.000000 0.000000 0.000000 0.000000 0.000000 0.000000 0.000000 0.000000 0.000000 0.000000 0.000000 0.000000 0.000000 0.000000 0.000000 0.000000 0.000000 0.000000 0.000000 0.000000 0.000000 0.000000 0.000000 0.000000 0.000000 0.000000 0.000000 0.000000 0.000000 0.000000 0.000000 0.000000 0.000000 0.000000 0.000000 0.000000 0.000000 0.000000 0.000000 0.000000 0.000000 0.000000 0.000000 0.000000 0.000000 0.000000 0.000000 0.000000 0.000000 
0.000000 0.000000 0.000000 0.000000 0.000001 0.000000 0.000000 0.000000 0.000000 0.000000 0.000000 0.000000 0.000000 0.000001 0.000000 0.000000 0.000001 0.000000 0.000000 0.000000 0.000000 0.000000 0.000000 0.000000 0.000000 0.000000 0.000003 0.000006 0.000000 0.000000 0.000000 0.000001 0.000000 0.000000 0.000000 0.000000 0.000000 0.000000 0.000000 0.000001 0.000000 0.000000 0.000000 0.000000 0.000001 0.000002 0.000002 0.000004 0.000003 0.000006 
0.000000 0.000000 0.000000 0.000000 0.000000 0.000000 0.000000 0.000000 0.000000 0.000000 0.000000 0.000000 0.000000 0.000000 0.000000 0.000001 0.000000 0.000001 0.000000 0.000000 0.000001 0.000000 0.000000 0.000000 0.000000 0.000000 0.000000 0.000000 0.000001 0.000000 0.000000 0.000000 0.000000 0.000000 0.000000 0.000000 0.000000 0.000000 0.000000 0.000000 0.000000 0.000000 0.000000 0.000000 0.000000 0.000000 0.000000 0.000000 0.000000 0.000000 
0.000000 0.000000 0.000000 0.000000 0.000000 0.000000 0.000000 0.000000 0.000000 0.000000 0.000000 0.000000 0.000000 0.000000 0.000000 0.000001 0.000000 0.000000 0.000000 0.000000 0.000000 0.000000 0.000000 0.000000 0.000000 0.000000 0.000000 0.000000 0.000000 0.000000 0.000000 0.000000 0.000000 0.000000 0.000000 0.000003 0.000000 0.000000 0.000000 0.000000 0.000000 0.000000 0.000000 0.000000 0.000001 0.000000 0.000000 0.000000 0.000000 0.000001 
0.000000 0.000000 0.000000 0.000000 0.000000 0.000000 0.000000 0.000000 0.000000 0.000000 0.000000 0.000000 0.000000 0.000000 0.000000 0.000000 0.000000 0.000000 0.000000 0.000000 0.000000 0.000000 0.000000 0.000000 0.000000 0.000000 0.000000 0.000000 0.000000 0.000000 0.000000 0.000000 0.000000 0.000000 0.000000 0.000000 0.000000 0.000000 0.000000 0.000000 0.000000 0.000000 0.000000 0.000000 0.000000 0.000000 0.000000 0.000000 0.000000 0.000000 
0.000000 0.000000 0.000000 0.000000 0.000000 0.000000 0.000000 0.000000 0.000000 0.000001 0.000002 0.000000 0.000000 0.000000 0.000003 0.000000 0.000000 0.000000 0.000002 0.000000 0.000000 0.000000 0.000003 0.000000 0.000000 0.000000 0.000002 0.000004 0.000010 0.000003 0.000003 0.000003 0.000002 0.000003 0.000001 0.000021 0.000002 0.000002 0.000003 0.000001 0.000003 0.000003 0.000002 0.000002 0.000004 0.000002 0.000004 0.000010 0.000002 0.000020 
0.000001 0.000000 0.000000 0.000001 0.000000 0.000011 0.000000 0.000007 0.000001 0.000005 0.000000 0.000001 0.000000 0.000000 0.000000 0.000000 0.000000 0.000004 0.000001 0.000006 0.000004 0.000001 0.000000 0.000000 0.000000 0.000000 0.000001 0.000001 0.000000 0.000002 0.000001 0.000000 0.000000 0.000000 0.000000 0.000000 0.000004 0.000007 0.000001 0.000001 0.000001 0.000000 0.000001 0.000001 0.000001 0.000001 0.000000 0.000000 0.000001 0.000004 
0.000000 0.000000 0.000006 0.000000 0.000001 0.000000 0.000001 0.000000 0.000001 0.000000 0.000001 0.000002 0.000003 0.000000 0.000000 0.000000 0.000000 0.000000 0.000000 0.000000 0.000001 0.000000 0.000001 0.000000 0.000002 0.000000 0.000000 0.000000 0.000001 0.000000 0.000002 0.000000 0.000000 0.000000 0.000006 0.000002 0.000019 0.000002 0.000002 0.000006 0.000003 0.000010 0.000002 0.000004 0.000005 0.000005 0.000002 0.000005 0.000002 0.000015 
0.000000 0.000000 0.000000 0.000000 0.000000 0.000000 0.000000 0.000000 0.000000 0.000000 0.000000 0.000000 0.000000 0.000000 0.000000 0.000000 0.000000 0.000000 0.000000 0.000000 0.000000 0.000000 0.000000 0.000000 0.000000 0.000000 0.000000 0.000000 0.000000 0.000000 0.000000 0.000000 0.000000 0.000000 0.000000 0.000000 0.000000 0.000000 0.000000 0.000000 0.000000 0.000000 0.000000 0.000000 0.000000 0.000000 0.000000 0.000000 0.000000 0.000000 
0.000000 0.000000 0.000001 0.000000 0.000003 0.000000 0.000012 0.000002 0.000001 0.000001 0.000001 0.000001 0.000001 0.000001 0.000001 0.000001 0.000009 0.000000 0.000001 0.000036 0.000001 0.000000 0.000002 0.000001 0.000001 0.000001 0.000002 0.000000 0.000001 0.000014 0.000009 0.000006 0.000001 0.000002 0.000000 0.000001 0.000031 0.000003 0.000000 0.000002 0.000000 0.000001 0.000002 0.000022 0.000002 0.000007 0.000001 0.000003 0.000015 0.000010 
0.000001 0.000001 0.000003 0.000011 0.000001 0.000005 0.000001 0.000000 0.000005 0.000001 0.000008 0.000001 0.000001 0.000001 0.000004 0.000001 0.000001 0.000006 0.000001 0.000001 0.000001 0.000007 0.000001 0.000001 0.000001 0.000001 0.000005 0.000002 0.000002 0.000011 0.000009 0.000001 0.000001 0.000001 0.000001 0.000007 0.000008 0.000009 0.000006 0.000015 0.000038 0.000013 0.000008 0.000007 0.000015 0.000010 0.000041 0.000009 0.000016 0.000043 
0.000000 0.000000 0.000000 0.000000 0.000000 0.000000 0.000000 0.000000 0.000000 0.000000 0.000000 0.000000 0.000000 0.000000 0.000000 0.000000 0.000000 0.000000 0.000000 0.000000 0.000000 0.000000 0.000000 0.000000 0.000000 0.000000 0.000000 0.000000 0.000000 0.000000 0.000000 0.000000 0.000000 0.000000 0.000000 0.000000 0.000000 0.000000 0.000000 0.000000 0.000000 0.000000 0.000000 0.000000 0.000000 0.000000 0.000000 0.000000 0.000000 0.000000 
0.000002 0.000001 0.000020 0.000014 0.000010 0.000002 0.000013 0.000020 0.000002 0.000001 0.000001 0.000010 0.000010 0.000010 0.000014 0.000001 0.000002 0.000002 0.000002 0.000002 0.000015 0.000001 0.000016 0.000001 0.000001 0.000012 0.000030 0.000002 0.000001 0.000014 0.000020 0.000023 0.000012 0.000078 0.000016 0.000009 0.000041 0.000097 0.000010 0.000007 0.000035 0.000068 0.000069 0.000012 0.000011 0.000011 0.000072 0.000068 0.000091 0.000255 
0.000002 0.000002 0.000003 0.000004 0.000003 0.000002 0.000002 0.000004 0.000004 0.000003 0.000006 0.000096 0.000048 0.000014 0.000002 0.000104 0.000003 0.000012 0.000045 0.000022 0.000002 0.000004 0.000002 0.000002 0.000005 0.000022 0.000002 0.000017 0.000003 0.000033 0.000004 0.000002 0.000003 0.000002 0.000002 0.000018 0.000002 0.000029 0.000015 0.000033 0.000018 0.000019 0.000125 0.000101 0.000101 0.000105 0.000140 0.000420 0.000220 0.000343 
0.000002 0.000033 0.000003 0.000003 0.000012 0.000013 0.000016 0.000026 0.000002 0.000001 0.000004 0.000015 0.000020 0.000053 0.000005 0.000002 0.000010 0.000044 0.000013 0.000019 0.000152 0.000044 0.000002 0.000011 0.000002 0.000043 0.000110 0.000117 0.000002 0.000002 0.000001 0.000031 0.000055 0.000015 0.000001 0.000001 0.000001 0.000017 0.000083 0.000001 0.000029 0.000009 0.000006 0.000002 0.000005 0.000001 0.000003 0.000001 0.000005 0.000061 
0.000000 0.000000 0.000000 0.000000 0.000000 0.000000 0.000000 0.000000 0.000000 0.000000 0.000000 0.000000 0.000000 0.000000 0.000000 0.000000 0.000000 0.000000 0.000000 0.000000 0.000000 0.000000 0.000000 0.000000 0.000000 0.000000 0.000000 0.000000 0.000000 0.000000 0.000000 0.000000 0.000000 0.000000 0.000000 0.000000 0.000000 0.000000 0.000000 0.000000 0.000000 0.000000 0.000000 0.000000 0.000000 0.000000 0.000000 0.000000 0.000000 0.000000 
0.000005 0.000005 0.000009 0.000042 0.000003 0.000004 0.000096 0.000004 0.000003 0.000003 0.000004 0.000004 0.000005 0.000005 0.000004 0.000110 0.000005 0.000005 0.000004 0.000003 0.000005 0.000009 0.000025 0.000057 0.000059 0.000046 0.000051 0.000031 0.000070 0.000030 0.000077 0.000254 0.000228 0.000081 0.000041 0.000040 0.000053 0.000061 0.000275 0.000045 0.000060 0.000048 0.000071 0.000259 0.000250 0.000328 0.000166 0.000259 0.000290 0.000400 
0.000006 0.000006 0.000009 0.000011 0.000005 0.000006 0.000006 0.000006 0.000007 0.000006 0.000008 0.000018 0.000067 0.000005 0.000013 0.000010 0.000077 0.000014 0.000013 0.000014 0.000088 0.000092 0.000219 0.000091 0.000061 0.000087 0.000527 0.000478 0.000052 0.000049 0.000478 0.000391 0.000265 0.000056 0.000388 0.000063 0.000562 0.000136 0.000066 0.000057 0.000223 0.000092 0.000077 0.000196 0.000078 0.000077 0.000129 0.000385 0.000416 0.000713 
0.000000 0.000000 0.000000 0.000000 0.000000 0.000000 0.000000 0.000000 0.000000 0.000000 0.000000 0.000000 0.000000 0.000000 0.000000 0.000000 0.000000 0.000000 0.000000 0.000000 0.000000 0.000000 0.000000 0.000000 0.000000 0.000000 0.000000 0.000000 0.000000 0.000000 0.000000 0.000000 0.000000 0.000000 0.000000 0.000000 0.000000 0.000000 0.000000 0.000000 0.000000 0.000000 0.000000 0.000000 0.000000 0.000000 0.000000 0.000000 0.000000 0.000000 
0.000076 0.000135 0.000009 0.000235 0.000109 0.000007 0.000742 0.001056 0.000012 0.000009 0.000552 0.000157 0.000349 0.000677 0.000007 0.000008 0.000011 0.000015 0.000547 0.000164 0.000014 0.000090 0.000066 0.000088 0.000512 0.001034 0.000496 0.000009 0.000099 0.000030 0.000017 0.000537 0.000009 0.000091 0.000068 0.000505 0.000007 0.000023 0.000193 0.000106 0.000054 0.000661 0.000010 0.000010 0.000432 0.000013 0.000868 0.000721 0.000581 0.000660 
0.000175 0.001306 0.001290 0.000156 0.000934 0.000007 0.000008 0.000092 0.000165 0.000605 0.000931 0.000618 0.000700 0.000168 0.000127 0.000025 0.000245 0.000028 0.000128 0.000814 0.000012 0.001330 0.000165 0.000017 0.000071 0.000159 0.000802 0.000169 0.000124 0.000008 0.000915 0.000008 0.000858 0.000221 0.000710 0.000010 0.000091 0.001198 0.000140 0.000014 0.001454 0.000013 0.000031 0.000158 0.000093 0.000025 0.000114 0.000076 0.001403 0.002646 
0.000000 0.000000 0.000000 0.000000 0.000000 0.000000 0.000000 0.000000 0.000000 0.000000 0.000000 0.000000 0.000000 0.000000 0.000000 0.000000 0.000000 0.000000 0.000000 0.000000 0.000000 0.000000 0.000000 0.000000 0.000000 0.000000 0.000000 0.000000 0.000000 0.000000 0.000000 0.000000 0.000000 0.000000 0.000000 0.000000 0.000000 0.000000 0.000000 0.000000 0.000000 0.000000 0.000000 0.000000 0.000000 0.000000 0.000000 0.000000 0.000000 0.000000 
0.000025 0.000015 0.000251 0.000181 0.000227 0.000178 0.000026 0.000043 0.000019 0.000195 0.000019 0.000311 0.000020 0.000235 0.000824 0.000264 0.000246 0.000022 0.000295 0.000166 0.000158 0.000212 0.000239 0.000172 0.000016 0.000024 0.001204 0.000321 0.000017 0.000014 0.000202 0.000027 0.000020 0.000019 0.000145 0.000171 0.000200 0.000018 0.000016 0.001201 0.000978 0.003851 0.002415 0.000782 0.001677 0.001764 0.001690 0.000903 0.001806 0.002441 
0.000021 0.000034 0.000026 0.000025 0.000162 0.000035 0.000029 0.000287 0.000018 0.000033 0.000016 0.000019 0.000260 0.000438 0.000262 0.001623 0.001508 0.000252 0.001784 0.001382 0.001403 0.000337 0.002519 0.000252 0.001429 0.001600 0.000330 0.002062 0.000429 0.001320 0.001725 0.000245 0.000164 0.000493 0.000280 0.000162 0.001359 0.000405 0.001402 0.001781 0.000253 0.003067 0.000227 0.000528 0.001987 0.002402 0.001435 0.001520 0.006762 0.006030 
0.000000 0.000000 0.000000 0.000000 0.000000 0.000000 0.000000 0.000000 0.000000 0.000000 0.000000 0.000000 0.000000 0.000000 0.000000 0.000000 0.000000 0.000000 0.000000 0.000000 0.000000 0.000000 0.000000 0.000000 0.000000 0.000000 0.000000 0.000000 0.000000 0.000000 0.000000 0.000000 0.000000 0.000000 0.000000 0.000000 0.000000 0.000000 0.000000 0.000000 0.000000 0.000000 0.000000 0.000000 0.000000 0.000000 0.000000 0.000000 0.000000 0.000000 
0.000028 0.000042 0.000068 0.000804 0.000028 0.000093 0.000056 0.000033 0.000038 0.000360 0.000334 0.000759 0.004462 0.000335 0.002020 0.000367 0.000723 0.000464 0.000769 0.000305 0.000455 0.007294 0.003487 0.000468 0.000347 0.002096 0.000292 0.005864 0.000584 0.002324 0.000478 0.000260 0.001253 0.000361 0.000333 0.002846 0.004202 0.002912 0.004019 0.007607 0.004710 0.003725 0.004246 0.006898 0.002949 0.002872 0.003565 0.002734 0.003080 0.007136 
0.000047 0.000059 0.000617 0.000040 0.000038 0.000039 0.000038 0.000582 0.000040 0.000663 0.000353 0.000512 0.002889 0.002881 0.002745 0.000383 0.004665 0.000261 0.002456 0.001048 0.002626 0.000325 0.001742 0.003676 0.002409 0.000275 0.000335 0.000841 0.000600 0.000410 0.000343 0.000366 0.004186 0.000737 0.003415 0.000393 0.003338 0.002737 0.002728 0.000430 0.002983 0.002866 0.001528 0.003344 0.002266 0.000257 0.003759 0.003132 0.002943 0.011568 
0.000000 0.000000 0.000000 0.000000 0.000000 0.000000 0.000000 0.000000 0.000000 0.000000 0.000000 0.000000 0.000000 0.000000 0.000000 0.000000 0.000000 0.000000 0.000000 0.000000 0.000000 0.000000 0.000000 0.000000 0.000000 0.000000 0.000000 0.000000 0.000000 0.000000 0.000000 0.000000 0.000000 0.000000 0.000000 0.000000 0.000000 0.000000 0.000000 0.000000 0.000000 0.000000 0.000000 0.000000 0.000000 0.000000 0.000000 0.000000 0.000000 0.000000 
0.000688 0.000485 0.000775 0.000056 0.000069 0.005888 0.001076 0.004705 0.000080 0.000705 0.000990 0.000678 0.005383 0.004310 0.000100 0.000582 0.001572 0.006762 0.000069 0.004487 0.000612 0.000714 0.000157 0.000441 0.000139 0.000143 0.007982 0.008317 0.007425 0.000704 0.000058 0.000070 0.000106 0.004298 0.004493 0.000823 0.000592 0.001283 0.000876 0.001197 0.005656 0.000986 0.000861 0.004128 0.006119 0.004480 0.004425 0.002890 0.005861 0.025257 
0.000103 0.000068 0.000647 0.000660 0.000087 0.000096 0.000134 0.000057 0.000091 0.000086 0.000052 0.000052 0.001109 0.001149 0.005064 0.000546 0.000999 0.001376 0.000513 0.000612 0.000643 0.000916 0.000790 0.001126 0.000750 0.000982 0.000650 0.001386 0.000700 0.000617 0.001386 0.000518 0.000571 0.000476 0.004569 0.000480 0.005927 0.006501 0.006454 0.003228 0.006368 0.005928 0.008049 0.004481 0.005234 0.007218 0.005146 0.020750 0.019255 0.006667 
0.000000 0.000000 0.000000 0.000000 0.000000 0.000000 0.000000 0.000000 0.000000 0.000000 0.000000 0.000000 0.000000 0.000000 0.000000 0.000000 0.000000 0.000000 0.000000 0.000000 0.000000 0.000000 0.000000 0.000000 0.000000 0.000000 0.000000 0.000000 0.000000 0.000000 0.000000 0.000000 0.000000 0.000000 0.000000 0.000000 0.000000 0.000000 0.000000 0.000000 0.000000 0.000000 0.000000 0.000000 0.000000 0.000000 0.000000 0.000000 0.000000 0.000000 
0.000291 0.000222 0.000282 0.000269 0.000292 0.003148 0.000134 0.000186 0.003215 0.000170 0.000177 0.003410 0.000221 0.003757 0.000344 0.004469 0.001547 0.006802 0.004234 0.002536 0.017430 0.001986 0.002742 0.001367 0.004962 0.004237 0.003002 0.001543 0.003304 0.027783 0.001663 0.001983 0.003735 0.002651 0.002122 0.001386 0.003038 0.001807 0.005626 0.004322 0.009463 0.023281 0.012934 0.013427 0.018942 0.013939 0.014385 0.008091 0.019581 0.053907 
0.000143 0.001419 0.000191 0.000245 0.001496 0.001521 0.009698 0.003773 0.001706 0.000381 0.002337 0.002650 0.002336 0.000122 0.000131 0.001589 0.000133 0.001533 0.000153 0.003368 0.002288 0.001481 0.003066 0.001390 0.001520 0.001267 0.001012 0.009599 0.001379 0.000164 0.001098 0.003329 0.001288 0.001685 0.001741 0.000141 0.001248 0.011477 0.010486 0.008201 0.005929 0.013312 0.005069 0.009090 0.010761 0.006205 0.009745 0.009302 0.010839 0.011800 
0.000000 0.000000 0.000000 0.000000 0.000000 0.000000 0.000000 0.000000 0.000000 0.000000 0.000000 0.000000 0.000000 0.000000 0.000000 0.000000 0.000000 0.000000 0.000000 0.000000 0.000000 0.000000 0.000000 0.000000 0.000000 0.000000 0.000000 0.000000 0.000000 0.000000 0.000000 0.000000 0.000000 0.000000 0.000000 0.000000 0.000000 0.000000 0.000000 0.000000 0.000000 0.000000 0.000000 0.000000 0.000000 0.000000 0.000000 0.000000 0.000000 0.000000 
0.000446 0.000389 0.000374 0.000370 0.000367 0.000388 0.000314 0.000569 0.000465 0.000469 0.003029 0.007784 0.008782 0.004720 0.004379 0.002405 0.004508 0.010739 0.004275 0.022542 0.003173 0.003637 0.024672 0.007546 0.024611 0.004370 0.002865 0.035893 0.002453 0.003399 0.005186 0.003706 0.008953 0.002554 0.039931 0.036795 0.035754 0.022397 0.034417 0.026168 0.035421 0.023740 0.036059 0.035015 0.033920 0.017727 0.106404 0.051100 0.015793 0.059443 
0.000347 0.000428 0.002993 0.012101 0.005742 0.002717 0.018785 0.000293 0.020160 0.002904 0.003692 0.003448 0.004669 0.017148 0.003266 0.044512 0.000696 0.006375 0.003401 0.004796 0.002511 0.022917 0.002285 0.011606 0.005222 0.005035 0.000296 0.000383 0.000314 0.000416 0.003291 0.000624 0.025236 0.019820 0.000293 0.000262 0.011939 0.007390 0.002893 0.005499 0.002624 0.018826 0.019090 0.002061 0.020196 0.018878 0.090108 0.026262 0.039382 0.094163 
0.000000 0.000000 0.000000 0.000000 0.000000 0.000000 0.000000 0.000000 0.000000 0.000000 0.000000 0.000000 0.000000 0.000000 0.000000 0.000000 0.000000 0.000000 0.000000 0.000000 0.000000 0.000000 0.000000 0.000000 0.000000 0.000000 0.000000 0.000000 0.000000 0.000000 0.000000 0.000000 0.000000 0.000000 0.000000 0.000000 0.000000 0.000000 0.000000 0.000000 0.000000 0.000000 0.000000 0.000000 0.000000 0.000000 0.000000 0.000000 0.000000 0.000000 
0.000057 0.000024 0.000241 0.000044 0.000061 0.000268 0.000036 0.002288 0.000004 0.000027 0.000163 0.000144 0.000032 0.000007 0.000005 0.000053 0.000039 0.000004 0.000537 0.000006 0.000329 0.000005 0.000005 0.000218 0.000051 0.000144 0.000452 0.000004 0.000374 0.000156 0.000008 0.000045 0.000042 0.000035 0.000144 0.000193 0.001870 0.000005 0.000033 0.001727 0.000753 0.001294 0.001611 0.003290 0.000828 0.000688 0.001402 0.000897 0.001835 0.001598 
0.000039 0.000005 0.000024 0.000023 0.000031 0.000034 0.000030 0.000004 0.000209 0.000028 0.000177 0.000024 0.000003 0.000167 0.000268 0.000170 0.000003 0.000039 0.000027 0.000021 0.000160 0.000227 0.000253 0.000199 0.000025 0.000195 0.000275 0.000246 0.000295 0.000147 0.000221 0.001367 0.000249 0.000170 0.000779 0.001439 0.001401 0.000235 0.000173 0.000671 0.000648 0.000275 0.000124 0.001209 0.001439 0.001286 0.001148 0.000188 0.000922 0.001029 
0.000018 0.000482 0.001926 0.000573 0.001058 0.000008 0.000170 0.000010 0.000012 0.000324 0.000055 0.000054 0.000689 0.000117 0.000060 0.000074 0.000671 0.000529 0.000115 0.000071 0.000392 0.000110 0.000055 0.000397 0.000063 0.000115 0.000087 0.000050 0.000706 0.000823 0.000007 0.000757 0.000055 0.000493 0.000020 0.000502 0.000579 0.000314 0.000008 0.000733 0.000718 0.000285 0.000368 0.000050 0.000011 0.000080 0.000063 0.003909 0.001675 0.002433 
0.000000 0.000000 0.000000 0.000000 0.000000 0.000000 0.000000 0.000000 0.000000 0.000000 0.000000 0.000000 0.000000 0.000000 0.000000 0.000000 0.000000 0.000000 0.000000 0.000000 0.000000 0.000000 0.000000 0.000000 0.000000 0.000000 0.000000 0.000000 0.000000 0.000000 0.000000 0.000000 0.000000 0.000000 0.000000 0.000000 0.000000 0.000000 0.000000 0.000000 0.000000 0.000000 0.000000 0.000000 0.000000 0.000000 0.000000 0.000000 0.000000 0.000000 
0.000018 0.000037 0.000018 0.000023 0.000019 0.000143 0.000183 0.000126 0.000817 0.000121 0.000782 0.000213 0.001017 0.002549 0.003079 0.000471 0.000871 0.000987 0.001076 0.005460 0.000912 0.000155 0.000126 0.001346 0.000732 0.001225 0.000274 0.000121 0.000705 0.000268 0.000915 0.001105 0.000271 0.000215 0.001197 0.000229 0.000121 0.000182 0.000253 0.000167 0.000178 0.001423 0.000967 0.002896 0.002451 0.003133 0.007851 0.005558 0.009599 0.002434 
0.000067 0.000022 0.000020 0.000027 0.000204 0.000049 0.000023 0.000024 0.000020 0.000227 0.000286 0.000181 0.000258 0.001348 0.001460 0.003982 0.001597 0.003979 0.000200 0.000252 0.001396 0.002026 0.001831 0.000211 0.001009 0.000215 0.012856 0.003757 0.009412 0.001124 0.005285 0.004800 0.004513 0.005158 0.000920 0.004613 0.000205 0.007420 0.001353 0.002048 0.001278 0.001156 0.008628 0.005151 0.002516 0.001077 0.008596 0.004897 0.000153 0.005657 
0.000000 0.000000 0.000000 0.000000 0.000000 0.000000 0.000000 0.000000 0.000000 0.000000 0.000000 0.000000 0.000000 0.000000 0.000000 0.000000 0.000000 0.000000 0.000000 0.000000 0.000000 0.000000 0.000000 0.000000 0.000000 0.000000 0.000000 0.000000 0.000000 0.000000 0.000000 0.000000 0.000000 0.000000 0.000000 0.000000 0.000000 0.000000 0.000000 0.000000 0.000000 0.000000 0.000000 0.000000 0.000000 0.000000 0.000000 0.000000 0.000000 0.000000 
0.004017 0.000775 0.001766 0.003050 0.001901 0.000561 0.000496 0.000417 0.000448 0.000440 0.014654 0.000052 0.004365 0.000050 0.000054 0.000669 0.001915 0.000440 0.000432 0.000312 0.007389 0.002075 0.002016 0.002070 0.000295 0.002335 0.001727 0.000047 0.001779 0.000445 0.000354 0.000454 0.002305 0.002649 0.004622 0.002587 0.009781 0.001022 0.003164 0.002826 0.002553 0.000497 0.000855 0.000071 0.000081 0.009626 0.010925 0.006989 0.009210 0.014381 
0.000038 0.000504 0.000548 0.002543 0.000048 0.000043 0.000391 0.005134 0.000098 0.000060 0.000898 0.000402 0.000478 0.004718 0.000427 0.000304 0.000548 0.001959 0.000476 0.000397 0.002611 0.000038 0.000585 0.003094 0.000072 0.000592 0.000053 0.000074 0.000658 0.001995 0.002874 0.003279 0.002905 0.003863 0.015642 0.009269 0.014002 0.013196 0.018341 0.007892 0.011783 0.008647 0.010796 0.017994 0.009988 0.010447 0.011243 0.009306 0.017275 0.010622 
0.000000 0.000000 0.000000 0.000000 0.000000 0.000000 0.000000 0.000000 0.000000 0.000000 0.000000 0.000000 0.000000 0.000000 0.000000 0.000000 0.000000 0.000000 0.000000 0.000000 0.000000 0.000000 0.000000 0.000000 0.000000 0.000000 0.000000 0.000000 0.000000 0.000000 0.000000 0.000000 0.000000 0.000000 0.000000 0.000000 0.000000 0.000000 0.000000 0.000000 0.000000 0.000000 0.000000 0.000000 0.000000 0.000000 0.000000 0.000000 0.000000 0.000000 
0.000098 0.000102 0.000804 0.000073 0.000097 0.000084 0.000096 0.000091 0.000106 0.000073 0.000090 0.000744 0.001019 0.000711 0.004181 0.000581 0.000925 0.001177 0.001223 0.006087 0.000753 0.001149 0.000799 0.006194 0.001292 0.000936 0.000555 0.000709 0.003490 0.004873 0.012961 0.006014 0.026653 0.005723 0.004370 0.028343 0.033210 0.003599 0.004639 0.028725 0.003862 0.023643 0.017723 0.004532 0.004234 0.003928 0.029693 0.025382 0.018441 0.018553 
0.000576 0.005458 0.000901 0.000797 0.000644 0.000454 0.000805 0.000103 0.000068 0.000096 0.000065 0.006060 0.003231 0.000471 0.004410 0.000916 0.000544 0.000736 0.000549 0.000147 0.000627 0.000080 0.000635 0.000494 0.000072 0.001091 0.000671 0.003343 0.004111 0.015431 0.012320 0.005755 0.004149 0.013718 0.015828 0.002796 0.014215 0.004888 0.024148 0.011007 0.016766 0.005639 0.018480 0.019278 0.016887 0.013882 0.029421 0.021805 0.014013 0.022236 
0.000000 0.000000 0.000000 0.000000 0.000000 0.000000 0.000000 0.000000 0.000000 0.000000 0.000000 0.000000 0.000000 0.000000 0.000000 0.000000 0.000000 0.000000 0.000000 0.000000 0.000000 0.000000 0.000000 0.000000 0.000000 0.000000 0.000000 0.000000 0.000000 0.000000 0.000000 0.000000 0.000000 0.000000 0.000000 0.000000 0.000000 0.000000 0.000000 0.000000 0.000000 0.000000 0.000000 0.000000 0.000000 0.000000 0.000000 0.000000 0.000000 0.000000 
0.013890 0.001634 0.009500 0.010038 0.010154 0.001732 0.001535 0.002633 0.008073 0.012023 0.001247 0.007764 0.014070 0.027766 0.000122 0.010984 0.001177 0.001494 0.033142 0.000141 0.000907 0.006420 0.010311 0.000120 0.020375 0.016070 0.000130 0.001385 0.001355 0.001369 0.015168 0.003362 0.009275 0.000141 0.007433 0.002608 0.009335 0.007297 0.000196 0.048266 0.020935 0.024282 0.034047 0.037655 0.039481 0.089510 0.026417 0.041510 0.055841 0.031110 
0.006616 0.000099 0.000787 0.004636 0.000135 0.007641 0.000095 0.007478 0.007874 0.000108 0.001263 0.006455 0.017490 0.005004 0.001107 0.006911 0.000714 0.005681 0.001233 0.000907 0.001225 0.004527 0.007194 0.008633 0.001596 0.000979 0.008548 0.007383 0.007338 0.000154 0.001161 0.000878 0.001224 0.009025 0.007266 0.005156 0.019503 0.023308 0.018819 0.027499 0.025253 0.021912 0.025280 0.047655 0.025820 0.028836 0.022002 0.021772 0.023298 0.040285 
0.000000 0.000000 0.000000 0.000000 0.000000 0.000000 0.000000 0.000000 0.000000 0.000000 0.000000 0.000000 0.000000 0.000000 0.000000 0.000000 0.000000 0.000000 0.000000 0.000000 0.000000 0.000000 0.000000 0.000000 0.000000 0.000000 0.000000 0.000000 0.000000 0.000000 0.000000 0.000000 0.000000 0.000000 0.000000 0.000000 0.000000 0.000000 0.000000 0.000000 0.000000 0.000000 0.000000 0.000000 0.000000 0.000000 0.000000 0.000000 0.000000 0.000000 
0.000346 0.001786 0.000277 0.003756 0.000312 0.003468 0.000347 0.000383 0.001864 0.000295 0.004194 0.023004 0.026619 0.001916 0.000251 0.000326 0.002554 0.000285 0.002368 0.002428 0.000228 0.002493 0.003096 0.000458 0.024530 0.020924 0.015492 0.025729 0.016220 0.022152 0.022076 0.022388 0.062347 0.016675 0.062056 0.055054 0.067636 0.087854 0.063612 0.019197 0.020908 0.060125 0.084244 0.097874 0.063231 0.062675 0.025287 0.071267 0.020145 0.074197 
0.000170 0.000220 0.000220 0.000164 0.000311 0.000199 0.000212 0.000217 0.000232 0.000168 0.002166 0.001513 0.001479 0.001906 0.016280 0.011495 0.001819 0.001242 0.001393 0.008606 0.001807 0.002995 0.001734 0.002314 0.001939 0.001989 0.002273 0.011035 0.009804 0.050818 0.011311 0.011251 0.008139 0.066327 0.010886 0.019357 0.009486 0.034891 0.009844 0.046801 0.080685 0.060034 0.011021 0.010904 0.009888 0.034373 0.061712 0.035543 0.061445 0.076404 
0.000000 0.000000 0.000000 0.000000 0.000000 0.000000 0.000000 0.000000 0.000000 0.000000 0.000000 0.000000 0.000000 0.000000 0.000000 0.000000 0.000000 0.000000 0.000000 0.000000 0.000000 0.000000 0.000000 0.000000 0.000000 0.000000 0.000000 0.000000 0.000000 0.000000 0.000000 0.000000 0.000000 0.000000 0.000000 0.000000 0.000000 0.000000 0.000000 0.000000 0.000000 0.000000 0.000000 0.000000 0.000000 0.000000 0.000000 0.000000 0.000000 0.000000 
0.000493 0.000382 0.000527 0.000460 0.005811 0.000430 0.000519 0.003609 0.004040 0.002988 0.040537 0.028243 0.003579 0.002752 0.031315 0.021376 0.003918 0.004836 0.005070 0.004105 0.004479 0.017835 0.003394 0.020801 0.026676 0.026897 0.003481 0.004999 0.026291 0.026294 0.031455 0.020827 0.114678 0.159197 0.020630 0.036026 0.137708 0.017724 0.021188 0.130856 0.029742 0.093683 0.023074 0.027094 0.188835 0.120066 0.066772 0.074613 0.106308 0.091449 
0.021596 0.002570 0.018669 0.099867 0.018245 0.002838 0.015454 0.000363 0.003651 0.023530 0.000270 0.022925 0.021626 0.000386 0.028034 0.003967 0.003174 0.019468 0.002751 0.018867 0.003410 0.028082 0.024181 0.068915 0.018234 0.000236 0.000369 0.070888 0.002931 0.000500 0.000378 0.000349 0.075449 0.002416 0.003148 0.002470 0.000356 0.027310 0.017773 0.000328 0.002540 0.065058 0.064007 0.095745 0.064369 0.064297 0.100514 0.093738 0.079776 0.069917 
0.000000 0.000000 0.000000 0.000000 0.000000 0.000000 0.000000 0.000000 0.000000 0.000000 0.000000 0.000000 0.000000 0.000000 0.000000 0.000000 0.000000 0.000000 0.000000 0.000000 0.000000 0.000000 0.000000 0.000000 0.000000 0.000000 0.000000 0.000000 0.000000 0.000000 0.000000 0.000000 0.000000 0.000000 0.000000 0.000000 0.000000 0.000000 0.000000 0.000000 0.000000 0.000000 0.000000 0.000000 0.000000 0.000000 0.000000 0.000000 0.000000 0.000000 
0.001260 0.001144 0.000935 0.001428 0.001373 0.002116 0.001038 0.002630 0.001263 0.001472 0.001617 0.009201 0.011236 0.076600 0.059438 0.012791 0.006968 0.014396 0.008113 0.063968 0.082796 0.079805 0.065939 0.013085 0.014652 0.014333 0.014586 0.011517 0.073053 0.080620 0.066498 0.010401 0.060088 0.070591 0.065992 0.071410 0.080968 0.072503 0.114605 0.310962 0.334981 0.068298 0.279524 0.062657 0.407033 0.165306 0.377149 0.096177 0.070079 0.171323 
0.000851 0.000566 0.040766 0.005523 0.038114 0.006587 0.000525 0.012070 0.038644 0.004832 0.006885 0.005376 0.005724 0.030237 0.000714 0.004555 0.006296 0.006604 0.005466 0.044008 0.000595 0.000612 0.000770 0.042137 0.035993 0.000720 0.054768 0.037130 0.118759 0.038779 0.126276 0.182625 0.118374 0.037005 0.197000 0.092052 0.212652 0.203184 0.036623 0.060207 0.157656 0.131373 0.102830 0.124748 0.040982 0.148852 0.037054 0.185605 0.122188 0.135306 
0.000000 0.000000 0.000000 0.000000 0.000000 0.000000 0.000000 0.000000 0.000000 0.000000 0.000000 0.000000 0.000000 0.000000 0.000000 0.000000 0.000000 0.000000 0.000000 0.000000 0.000000 0.000000 0.000000 0.000000 0.000000 0.000000 0.000000 0.000000 0.000000 0.000000 0.000000 0.000000 0.000000 0.000000 0.000000 0.000000 0.000000 0.000000 0.000000 0.000000 0.000000 0.000000 0.000000 0.000000 0.000000 0.000000 0.000000 0.000000 0.000000 0.000000 
0.002260 0.001276 0.001325 0.001221 0.000915 0.000896 0.001546 0.001462 0.001417 0.001858 0.003661 0.015167 0.006753 0.009368 0.015759 0.007453 0.011289 0.010285 0.017376 0.008816 0.014278 0.047621 0.051379 0.064874 0.062200 0.092154 0.222246 0.231862 0.058216 0.357852 0.065876 0.237755 0.069800 0.354617 0.047223 0.061447 0.311970 0.455709 0.241895 0.057956 0.322383 0.063629 0.053396 0.070400 0.078988 0.296281 0.343185 0.244089 0.287850 0.452179 
0.009392 0.011453 0.002381 0.010164 0.010572 0.014708 0.001323 0.010437 0.003092 0.001318 0.001233 0.001905 0.064352 0.000912 0.012311 0.013179 0.062828 0.012811 0.001059 0.013742 0.088237 0.000991 0.008184 0.069174 0.067969 0.065829 0.089534 0.173316 0.069301 0.072424 0.254631 0.050388 0.055280 0.255536 0.065183 0.257921 0.431898 0.316019 0.362792 0.079249 0.064650 0.062265 0.072110 0.051069 0.082236 0.360933 0.051196 0.059227 0.270338 0.224986 
0.002746 0.013815 0.002118 0.002432 0.001611 0.040160 0.017603 0.001439 0.001215 0.001736 0.001404 0.001418 0.016086 0.016649 0.014886 0.017921 0.017562 0.023187 0.013730 0.077908 0.087616 0.012905 0.021191 0.100979 0.097300 0.014760 0.038933 0.012297 0.100064 0.018005 0.011974 0.016244 0.098410 0.112432 0.089056 0.016645 0.012519 0.086526 0.115516 0.091797 0.341834 0.325382 0.124379 1.107481 0.497839 0.306382 0.340082 0.470611 0.583724 0.430941 
0.000000 0.000000 0.000000 0.000000 0.000000 0.000000 0.000000 0.000000 0.000000 0.000000 0.000000 0.000000 0.000000 0.000000 0.000000 0.000000 0.000000 0.000000 0.000000 0.000000 0.000000 0.000000 0.000000 0.000000 0.000000 0.000000 0.000000 0.000000 0.000000 0.000000 0.000000 0.000000 0.000000 0.000000 0.000000 0.000000 0.000000 0.000000 0.000000 0.000000 0.000000 0.000000 0.000000 0.000000 0.000000 0.000000 0.000000 0.000000 0.000000 0.000000 
0.002178 0.005409 0.015979 0.022199 0.018202 0.005406 0.200074 0.001740 0.029542 0.122664 0.028166 0.003325 0.001717 0.023637 0.022699 0.002650 0.116768 0.025544 0.018227 0.003658 0.016600 0.101402 0.003683 0.228782 0.003480 0.100675 0.160709 0.116409 0.170105 0.145073 0.178782 0.106042 0.183398 0.150845 0.087252 0.806027 0.650851 1.649351 0.519521 0.426669 0.142534 0.373508 0.706200 0.355489 0.509117 0.403462 0.106520 0.429121 1.555402 0.706023 
0.014554 0.018918 0.014503 0.012283 0.012183 0.006350 0.015035 0.001443 0.014117 0.001382 0.001866 0.015693 0.013270 0.001381 0.016728 0.014923 0.014366 0.001372 0.105323 0.096486 0.094032 0.098519 0.445433 0.073230 0.426240 0.310374 0.103537 0.080698 0.446808 0.502238 0.117601 0.714314 0.071706 0.457444 0.367939 0.554196 0.064662 0.062802 0.110607 0.328999 0.073828 0.440071 0.075256 0.328099 0.320229 0.245398 0.516089 0.502843 0.500364 0.361351 
0.000000 0.000000 0.000000 0.000000 0.000000 0.000000 0.000000 0.000000 0.000000 0.000000 0.000000 0.000000 0.000000 0.000000 0.000000 0.000000 0.000000 0.000000 0.000000 0.000000 0.000000 0.000000 0.000000 0.000000 0.000000 0.000000 0.000000 0.000000 0.000000 0.000000 0.000000 0.000000 0.000000 0.000000 0.000000 0.000000 0.000000 0.000000 0.000000 0.000000 0.000000 0.000000 0.000000 0.000000 0.000000 0.000000 0.000000 0.000000 0.000000 0.000000 
0.018247 0.003329 0.002227 0.004578 0.030797 0.002686 0.031202 0.040150 0.002332 0.002342 0.029824 0.003105 0.025730 0.002771 0.002119 0.023738 0.048577 0.023902 0.043608 0.024820 0.002515 0.059956 0.031354 0.003239 0.238036 0.187357 0.117203 0.102887 0.153231 0.165693 0.152206 0.132613 0.141723 0.139701 0.141983 0.165586 0.268593 0.186461 0.141090 0.141534 0.843497 0.462186 0.770261 0.923204 0.743031 0.113450 0.978093 0.590500 0.526468 0.682604 
0.003414 0.002437 0.019008 0.004594 0.019098 0.020244 0.004815 0.004602 0.004736 0.001536 0.002178 0.003932 0.004191 0.050090 0.001943 0.001967 0.002407 0.027033 0.019347 0.106720 0.123510 0.022833 0.106140 0.019125 0.035278 0.105461 0.030251 0.101263 0.014646 0.129979 0.015726 0.022441 0.147998 0.026560 0.156621 0.128760 0.107279 0.183415 0.323443 0.490132 0.108090 0.664883 0.560493 0.576067 0.609716 0.089852 0.461170 0.502231 0.643609 0.361620 
0.000000 0.000000 0.000000 0.000000 0.000000 0.000000 0.000000 0.000000 0.000000 0.000000 0.000000 0.000000 0.000000 0.000000 0.000000 0.000000 0.000000 0.000000 0.000000 0.000000 0.000000 0.000000 0.000000 0.000000 0.000000 0.000000 0.000000 0.000000 0.000000 0.000000 0.000000 0.000000 0.000000 0.000000 0.000000 0.000000 0.000000 0.000000 0.000000 0.000000 0.000000 0.000000 0.000000 0.000000 0.000000 0.000000 0.000000 0.000000 0.000000 0.000000 
0.005617 0.006308 0.005336 0.008004 0.005944 0.004860 0.013560 0.005268 0.005495 0.007166 0.005669 0.005590 0.008595 0.008797 0.004035 0.086973 0.064164 0.005832 0.007293 0.005248 0.015532 0.045348 0.098660 0.410773 0.282985 0.046051 0.740379 0.103124 0.099922 0.092605 0.374088 0.245754 0.095724 0.089502 0.065482 0.394736 0.065593 0.047526 0.044966 0.312769 0.324617 0.293097 0.297068 2.622232 1.005767 0.252918 0.303195 1.914242 1.970019 1.650066 
0.022176 0.125582 0.148124 0.002216 0.003149 0.023416 0.002236 0.024777 0.033201 0.122654 0.172884 0.034084 0.002096 0.002384 0.002337 0.022717 0.113477 0.143195 0.026278 0.037836 0.002704 0.026452 0.017976 0.002022 0.143331 0.157884 0.024063 0.041244 0.033688 0.250381 0.151300 0.144006 0.166645 0.121606 1.023400 0.115697 0.567881 0.855346 0.792839 0.137239 0.557378 0.771363 0.713869 0.184121 0.182649 0.811234 0.572455 0.668806 0.679694 0.856298 
0.000000 0.000000 0.000000 0.000000 0.000000 0.000000 0.000000 0.000000 0.000000 0.000000 0.000000 0.000000 0.000000 0.000000 0.000000 0.000000 0.000000 0.000000 0.000000 0.000000 0.000000 0.000000 0.000000 0.000000 0.000000 0.000000 0.000000 0.000000 0.000000 0.000000 0.000000 0.000000 0.000000 0.000000 0.000000 0.000000 0.000000 0.000000 0.000000 0.000000 0.000000 0.000000 0.000000 0.000000 0.000000 0.000000 0.000000 0.000000 0.000000 0.000000 
0.003058 0.002785 0.002877 0.003166 0.002606 0.002848 0.003631 0.003466 0.035342 0.035572 0.186094 0.031816 0.032877 0.034824 0.026808 0.352015 0.033930 0.033526 0.039883 0.028310 0.024413 0.058300 0.033383 0.239144 0.246292 0.175584 0.250978 0.195911 0.197697 0.959796 0.815235 0.683390 0.284719 0.165952 0.841250 1.160609 0.646608 0.199758 0.925015 0.149159 0.626977 0.618099 0.169883 0.146865 0.589821 0.896907 0.200394 0.605041 0.225848 0.706329 
0.002028 0.003407 0.003462 0.003435 0.022317 0.024227 0.029895 0.026721 0.020417 0.018471 0.032260 0.050568 0.030051 0.017828 0.167846 0.018960 0.022777 0.069897 0.024673 0.024767 0.024851 0.029911 0.155438 0.133797 0.026891 0.031705 0.025095 0.089289 0.174026 0.017124 0.163554 0.157650 0.029177 0.132899 0.183718 0.149609 0.155391 0.119687 0.913351 0.629714 0.813767 0.584283 0.732079 0.531147 0.797887 0.713610 0.857087 0.776967 0.976556 0.679693 
0.003660 0.004534 0.044551 0.005232 0.299613 0.042243 0.036122 0.024258 0.057788 0.041074 0.042477 0.032540 0.041978 0.003832 0.031189 0.044216 0.031365 0.003001 0.204246 0.221029 0.170299 0.356987 0.300918 0.195381 0.190795 0.207280 0.228958 0.233317 0.212685 0.212996 0.230692 0.260344 0.222561 0.221369 0.348523 0.877136 0.196016 0.212891 0.250654 0.990710 0.252173 0.952544 1.021120 0.934769 0.992159 1.200779 0.226996 0.666656 0.623242 1.142262 
0.002401 0.003835 0.017878 0.002674 0.002090 0.027798 0.024114 0.038607 0.022016 0.029403 0.027979 0.020721 0.018599 0.024652 0.059929 0.173303 0.023456 0.024416 0.026034 0.020812 0.024367 0.020005 0.022799 0.020469 0.020085 0.067098 0.058118 0.046026 0.129421 0.105985 0.176706 0.391401 0.753948 0.147258 0.698369 0.553122 0.537875 0.544838 0.625788 0.158370 1.051065 0.847266 0.635901 0.178076 0.168760 0.512432 0.711153 0.886218 0.432419 0.634148 
0.034211 0.220557 0.212775 0.039493 0.039567 0.043206 0.028138 0.064595 0.227173 0.027543 0.003279 0.207208 0.175820 0.034361 0.051524 0.201009 0.157911 0.025601 0.320181 0.029660 0.002746 0.209965 0.283344 0.272180 0.326523 0.804550 0.003810 0.005966 0.199520 0.237969 0.238742 0.205728 0.039469 0.223417 1.058800 0.206207 0.207810 0.222923 0.003825 0.979445 0.930175 0.813389 1.071855 1.195567 0.889285 1.053388 0.988457 1.088499 1.245997 1.321099 
0.004984 0.004950 0.005434 0.008796 0.005038 0.010061 0.004857 0.006268 0.006843 0.011604 0.003945 0.055456 0.010219 0.008334 0.006711 0.004942 0.005372 0.004923 0.007173 0.004189 0.056330 0.066223 0.067478 0.052537 0.322861 0.036898 0.083647 0.852038 0.063512 0.213486 0.060700 0.621919 0.069663 0.051234 0.035430 0.443751 0.048029 0.214493 0.310786 0.078196 0.283296 0.319632 0.043488 0.056817 0.049083 0.050806 1.169265 0.337469 0.050456 0.973253 
0.000654 0.001418 0.003164 0.001282 0.003368 0.002330 0.000141 0.003701 0.000058 0.000107 0.001706 0.000717 0.001103 0.000033 0.000198 0.000015 0.001265 0.000238 0.000236 0.000035 0.000022 0.000151 0.013432 0.001611 0.000015 0.000100 0.000682 0.000922 0.001600 0.001643 0.001066 0.000021 0.000126 0.015852 0.007300 0.002394 0.002717 0.001294 0.000696 0.000015 0.000994 0.000981 0.001463 0.001798 0.001681 0.005467 0.002146 0.001736 0.000023 0.014661 
0.000000 0.000000 0.000000 0.000000 0.000000 0.000000 0.000000 0.000000 0.000000 0.000000 0.000000 0.000000 0.000000 0.000000 0.000000 0.000000 0.000000 0.000000 0.000000 0.000000 0.000000 0.000000 0.000000 0.000000 0.000000 0.000000 0.000000 0.000000 0.000000 0.000000 0.000000 0.000000 0.000000 0.000000 0.000000 0.000000 0.000000 0.000000 0.000000 0.000000 0.000000 0.000000 0.000000 0.000000 0.000000 0.000000 0.000000 0.000000 0.000000 0.000000 
0.000000 0.000000 0.000000 0.000000 0.000000 0.000000 0.000000 0.000000 0.000000 0.000000 0.000000 0.000000 0.000000 0.000000 0.000000 0.000000 0.000000 0.000000 0.000000 0.000000 0.000000 0.000000 0.000000 0.000000 0.000000 0.000000 0.000000 0.000000 0.000000 0.000000 0.000000 0.000000 0.000000 0.000000 0.000000 0.000000 0.000000 0.000000 0.000000 0.000000 0.000000 0.000000 0.000000 0.000000 0.000000 0.000000 0.000000 0.000000 0.000000 0.000000 
0.001081 0.000766 0.004376 0.042176 0.006815 0.012444 0.043224 0.006869 0.000672 0.053021 0.004916 0.009674 0.000940 0.000613 0.038383 0.004204 0.000685 0.008257 0.000519 0.006290 0.050506 0.005245 0.000758 0.005926 0.000805 0.000771 0.027969 0.044572 0.038242 0.042707 0.174786 0.145799 0.048652 0.044301 0.215675 0.061510 0.199147 0.122121 0.256337 0.212622 0.049428 0.322192 0.348456 0.046167 0.154041 0.099295 0.140378 0.159217 0.126182 0.125319 
0.000000 0.000000 0.000000 0.000000 0.000000 0.000000 0.000000 0.000000 0.000000 0.000000 0.000000 0.000000 0.000000 0.000000 0.000000 0.000000 0.000000 0.000000 0.000000 0.000000 0.000000 0.000000 0.000000 0.000000 0.000000 0.000000 0.000000 0.000000 0.000000 0.000000 0.000000 0.000000 0.000000 0.000000 0.000000 0.000000 0.000000 0.000000 0.000000 0.000000 0.000000 0.000000 0.000000 0.000000 0.000000 0.000000 0.000000 0.000000 0.000000 0.000000 
0.000000 0.000000 0.000000 0.000000 0.000000 0.000000 0.000000 0.000000 0.000000 0.000000 0.000000 0.000000 0.000000 0.000000 0.000000 0.000000 0.000000 0.000000 0.000000 0.000000 0.000000 0.000000 0.000000 0.000000 0.000000 0.000000 0.000000 0.000000 0.000000 0.000000 0.000000 0.000000 0.000000 0.000000 0.000000 0.000000 0.000000 0.000000 0.000000 0.000000 0.000000 0.000000 0.000000 0.000000 0.000000 0.000000 0.000000 0.000000 0.000000 0.000000 
0.001576 0.001948 0.001734 0.001984 0.001325 0.013861 0.002208 0.002078 0.001994 0.018955 0.014241 0.019431 0.131510 0.013030 0.021747 0.111248 0.109838 0.015715 0.025004 0.016940 0.109190 0.089771 0.037120 0.099065 0.109358 0.022207 0.022768 0.017318 0.016259 0.096735 0.135885 0.124692 0.106288 0.088698 0.152572 0.085931 0.096503 0.103518 0.135267 0.091341 0.116895 0.101668 0.100593 0.139363 0.127550 0.396208 0.612458 0.338259 0.675859 0.459003 
0.039952 0.002178 0.022675 0.016250 0.014917 0.014942 0.015496 0.013687 0.022574 0.001671 0.001431 0.013093 0.116203 0.015424 0.001411 0.023095 0.002125 0.019189 0.121821 0.013712 0.012352 0.001609 0.017786 0.013524 0.123769 0.099635 0.468690 0.082894 0.141134 0.109310 0.105213 0.122255 0.110721 0.088194 0.112705 0.108954 0.145324 0.081420 0.193271 0.112490 0.082453 0.085594 0.107783 0.356792 0.542130 0.455277 0.446941 0.465770 0.376599 0.497604 
0.003909 0.024575 0.002762 0.024884 0.004688 0.023243 0.030822 0.035339 0.003400 0.192948 0.004024 0.272177 0.028361 0.003248 0.191083 0.149694 0.004458 0.031355 0.003517 0.264334 0.030434 0.240240 0.019133 0.002629 0.002492 0.002812 0.003715 0.003452 0.002150 0.002356 0.244282 0.023439 0.200369 0.025518 0.034364 0.181883 0.238933 0.128197 0.184746 0.122101 0.551565 0.152297 0.170722 0.634439 0.519521 0.870851 0.593337 0.864899 0.693049 0.401710 
0.003077 0.001644 0.002309 0.003192 0.013243 0.013047 0.015882 0.019728 0.109282 0.018347 0.019156 0.015606 0.016107 0.025333 0.021554 0.028797 0.116520 0.017060 0.021100 0.017910 0.023251 0.090298 0.109957 0.099715 0.137142 0.315436 0.450265 0.109458 0.289945 0.393313 0.131101 0.418395 0.408991 0.363359 0.673207 0.169877 0.513877 0.496619 0.422290 0.118998 0.347176 0.528305 0.111869 0.175580 0.142176 0.404136 0.386468 0.679187 0.336581 0.299669 
0.018148 0.012522 0.162022 0.001744 0.012755 0.115519 0.013132 0.024263 0.013448 0.033634 0.091506 0.013753 0.002672 0.003001 0.015446 0.021983 0.089252 0.024295 0.022867 0.021786 0.108806 0.135801 0.099921 0.121248 0.082240 0.136985 0.113011 0.107708 0.169103 0.101881 0.111164 0.273347 0.112653 0.141232 0.452280 0.496920 0.120046 0.865838 0.092149 0.298687 0.087708 0.588417 0.125125 0.120703 0.348393 0.538303 0.117663 0.231329 0.136566 0.888103 
0.005353 0.001287 0.003351 0.004055 0.001900 0.006063 0.005099 0.001393 0.001566 0.001746 0.002051 0.001259 0.002276 0.001896 0.009555 0.010812 0.016210 0.008929 0.072769 0.111283 0.014229 0.014092 0.056134 0.018997 0.016237 0.062512 0.008426 0.009378 0.012357 0.057927 0.017687 0.012396 0.052165 0.070456 0.079053 0.506772 0.075189 0.259997 0.339734 0.056978 0.106271 0.324036 0.317980 0.049994 0.267832 0.181818 0.408423 0.386494 0.460376 0.331076 
0.000017 0.067068 0.076078 0.167810 0.002348 0.001902 0.000029 0.001269 0.001069 0.000129 0.002608 0.000074 0.002011 0.001859 0.001666 0.000158 0.102455 0.001523 0.001827 0.002676 0.002732 0.000101 0.009946 0.001626 0.004575 0.000145 0.001446 0.000730 0.000860 0.000590 0.006118 0.001594 0.002615 0.002173 0.005085 0.000360 0.001006 0.002704 0.002984 0.000799 0.003086 0.009366 0.000715 0.000405 0.556318 0.003523 0.000325 0.005208 0.005453 0.004847 
0.000000 0.000000 0.000000 0.000000 0.000000 0.000000 0.000000 0.000000 0.000000 0.000000 0.000000 0.000000 0.000000 0.000000 0.000000 0.000000 0.000000 0.000000 0.000000 0.000000 0.000000 0.000000 0.000000 0.000000 0.000000 0.000000 0.000000 0.000000 0.000000 0.000000 0.000000 0.000000 0.000000 0.000000 0.000000 0.000000 0.000000 0.000000 0.000000 0.000000 0.000000 0.000000 0.000000 0.000000 0.000000 0.000000 0.000000 0.000000 0.000000 0.000000 
0.000000 0.000000 0.000000 0.000000 0.000000 0.000000 0.000000 0.000000 0.000000 0.000000 0.000000 0.000000 0.000000 0.000000 0.000000 0.000000 0.000000 0.000000 0.000000 0.000000 0.000000 0.000000 0.000000 0.000000 0.000000 0.000000 0.000000 0.000000 0.000000 0.000000 0.000000 0.000000 0.000000 0.000000 0.000000 0.000000 0.000000 0.000000 0.000000 0.000000 0.000000 0.000000 0.000000 0.000000 0.000000 0.000000 0.000000 0.000000 0.000000 0.000000 
0.004274 0.000498 0.044149 0.000727 0.033009 0.008901 0.006432 0.004370 0.006749 0.055688 0.000738 0.000945 0.003817 0.026751 0.023843 0.006379 0.004979 0.003631 0.006103 0.036088 0.010336 0.000455 0.056720 0.036844 0.004800 0.020804 0.031860 0.001028 0.000688 0.033536 0.029935 0.006377 0.006731 0.004921 0.000412 0.000597 0.004904 0.000509 0.029969 0.005686 0.006078 0.005855 0.004155 0.044847 0.034058 0.040899 0.000671 0.002962 0.000427 0.030339 
0.000000 0.000000 0.000000 0.000000 0.000000 0.000000 0.000000 0.000000 0.000000 0.000000 0.000000 0.000000 0.000000 0.000000 0.000000 0.000000 0.000000 0.000000 0.000000 0.000000 0.000000 0.000000 0.000000 0.000000 0.000000 0.000000 0.000000 0.000000 0.000000 0.000000 0.000000 0.000000 0.000000 0.000000 0.000000 0.000000 0.000000 0.000000 0.000000 0.000000 0.000000 0.000000 0.000000 0.000000 0.000000 0.000000 0.000000 0.000000 0.000000 0.000000 
0.000000 0.000000 0.000000 0.000000 0.000000 0.000000 0.000000 0.000000 0.000000 0.000000 0.000000 0.000000 0.000000 0.000000 0.000000 0.000000 0.000000 0.000000 0.000000 0.000000 0.000000 0.000000 0.000000 0.000000 0.000000 0.000000 0.000000 0.000000 0.000000 0.000000 0.000000 0.000000 0.000000 0.000000 0.000000 0.000000 0.000000 0.000000 0.000000 0.000000 0.000000 0.000000 0.000000 0.000000 0.000000 0.000000 0.000000 0.000000 0.000000 0.000000 
0.001118 0.001668 0.000855 0.001983 0.001118 0.001671 0.001091 0.000733 0.001145 0.009638 0.004287 0.006232 0.013809 0.009991 0.017692 0.010846 0.007708 0.017812 0.012947 0.030059 0.007479 0.076559 0.081540 0.066684 0.007592 0.039952 0.061133 0.015766 0.063850 0.012359 0.074535 0.012249 0.008632 0.012824 0.008739 0.015811 0.021233 0.067289 0.032657 0.019095 0.009876 0.163077 0.040930 0.067702 0.130786 0.070000 0.129858 0.179052 0.417024 0.312510 
0.001221 0.013354 0.002838 0.018495 0.107345 0.008805 0.014988 0.014418 0.002145 0.012560 0.019591 0.023718 0.009846 0.001532 0.043433 0.001587 0.011164 0.024309 0.012073 0.012968 0.012043 0.013389 0.008400 0.009906 0.012996 0.016923 0.014769 0.013811 0.011818 0.009301 0.001147 0.012673 0.105804 0.098297 0.073896 0.069567 0.053139 0.091158 0.086262 0.086821 0.100713 0.087399 0.092054 0.091579 0.101419 0.104879 0.092182 0.102498 0.082297 0.126073 
0.002086 0.001158 0.012997 0.002139 0.001413 0.011243 0.003257 0.014353 0.001026 0.023019 0.002962 0.001283 0.002270 0.004982 0.001402 0.000940 0.001404 0.002903 0.034525 0.001234 0.010798 0.017727 0.026897 0.019067 0.014808 0.008129 0.117214 0.021120 0.014076 0.009235 0.025137 0.010163 0.012381 0.008895 0.027880 0.014029 0.030842 0.131565 0.115151 0.071853 0.086115 0.081240 0.086398 0.058660 0.096080 0.084443 0.071052 0.072535 0.193362 0.455407 
0.013135 0.013175 0.095957 0.086665 0.016076 0.011255 0.013316 0.001835 0.097672 0.011222 0.012713 0.101668 0.020217 0.092045 0.010783 0.012896 0.009108 0.113766 0.010933 0.094419 0.100467 0.009659 0.141981 0.004665 0.101501 0.002089 0.002081 0.001479 0.149367 0.091255 0.024053 0.055913 0.013829 0.088451 0.020060 0.013326 0.012344 0.023307 0.132586 0.173396 0.093171 0.001877 0.106545 0.056765 0.128413 0.056397 0.379249 0.250797 0.109224 0.116914 
0.000794 0.006006 0.001170 0.008817 0.112424 0.013501 0.007275 0.000737 0.010545 0.072238 0.008851 0.000607 0.064816 0.000959 0.000809 0.012309 0.000949 0.008334 0.011001 0.073204 0.009045 0.009679 0.087773 0.001270 0.017446 0.000870 0.069513 0.098601 0.001669 0.082498 0.014417 0.023947 0.043573 0.119452 0.100954 0.103832 0.081404 0.129449 0.080305 0.097147 0.096474 0.042388 0.200286 0.098127 0.066989 0.065223 0.067997 0.166931 0.179336 0.102668 
0.002513 0.175958 0.029132 0.001421 0.002055 0.000979 0.015441 0.000765 0.007615 0.157616 0.015116 0.000946 0.010797 0.001671 0.001940 0.003832 0.001591 0.003101 0.001055 0.012591 0.000938 0.003920 0.019217 0.000888 0.011072 0.037662 0.010077 0.000916 0.013783 0.017435 0.098953 0.297454 0.114140 0.162005 0.151380 0.043435 0.099922 0.084728 0.064019 0.140469 0.082538 0.155645 0.095873 0.112639 0.093573 0.122236 0.094752 0.126880 0.092304 0.135823 
0.000006 0.003143 0.004900 0.004154 0.003802 0.001043 0.001963 0.001109 0.000380 0.000073 0.000968 0.000338 0.008590 0.000792 0.000040 0.000778 0.003258 0.000757 0.018377 0.000020 0.010111 0.019904 0.000015 0.041871 0.000606 0.000031 0.000017 0.002490 0.003528 0.196759 0.001003 0.001757 0.457573 0.365954 0.211524 0.001780 0.000840 0.000206 0.001615 0.096289 0.000594 0.044300 0.000534 0.001455 0.026417 0.000944 0.001218 0.000713 0.036049 0.000167 
0.000000 0.000000 0.000000 0.000000 0.000000 0.000000 0.000000 0.000000 0.000000 0.000000 0.000000 0.000000 0.000000 0.000000 0.000000 0.000000 0.000000 0.000000 0.000000 0.000000 0.000000 0.000000 0.000000 0.000000 0.000000 0.000000 0.000000 0.000000 0.000000 0.000000 0.000000 0.000000 0.000000 0.000000 0.000000 0.000000 0.000000 0.000000 0.000000 0.000000 0.000000 0.000000 0.000000 0.000000 0.000000 0.000000 0.000000 0.000000 0.000000 0.000000 
31 1 2 3 4 5 6 7 8 9 10 11 12 13 14 15 16 17 18 19 20 21 22 23 24 25 26 27 28 29 30 0 0 0 0 0 0 0 0 0 0 0 0 0 0 0 0 0 0 0 
63 61 2 44 4 5 6 7 59 9 10 11 12 13 58 15 16 17 57 19 20 21 56 23 24 53 26 27 51 50 30 31 49 33 34 35 36 46 38 39 40 41 42 43 3 45 22 18 55 48 
31 1 2 3 4 5 6 7 8 9 10 11 12 13 14 15 16 17 18 19 20 21 22 23 24 25 26 27 28 29 30 0 0 0 0 0 0 0 0 0 0 0 0 0 0 0 0 0 0 0 
63 62 50 3 4 49 6 7 8 60 10 11 59 13 14 58 16 17 18 19 20 56 22 23 55 25 26 54 28 29 30 31 32 33 34 35 36 37 38 39 40 41 42 51 44 45 46 47 48 5 
0 0 0 0 0 0 0 0 0 0 0 0 0 0 0 0 0 0 0 0 0 0 0 0 0 0 0 0 0 0 0 0 0 0 0 0 0 0 0 0 0 0 0 0 0 0 0 0 0 0 
26 125 2 118 109 5 96 94 92 9 10 87 82 80 14 78 71 68 18 65 60 53 22 40 37 35 127 50 21 126 120 115 106 33 100 25 36 98 95 93 91 41 83 75 73 69 62 47 48 28 
49 1 62 3 4 61 6 7 8 9 59 58 12 13 14 56 16 17 55 19 20 21 22 23 24 25 26 27 28 29 54 31 32 53 34 35 51 37 50 39 40 41 42 43 44 45 46 47 48 63 
36 1 2 124 121 115 110 7 108 106 103 11 12 101 14 91 90 84 79 78 65 63 62 59 24 58 26 27 28 55 30 31 32 42 126 67 5 113 111 109 100 98 96 66 44 93 75 68 48 20 
0 0 0 0 0 0 0 0 0 0 0 0 0 0 0 0 0 0 0 0 0 0 0 0 0 0 0 0 0 0 0 0 0 0 0 0 0 0 0 0 0 0 0 0 0 0 0 0 0 0 
63 44 61 3 4 5 6 57 56 55 54 52 12 13 14 15 16 51 18 19 50 21 22 23 24 25 26 27 28 29 30 31 32 33 34 35 36 49 48 39 40 41 45 43 1 59 62 47 42 37 
126 92 125 123 122 120 61 110 108 106 104 69 58 101 14 99 50 17 83 19 85 97 45 23 24 25 96 27 86 29 94 31 32 33 42 93 63 91 80 90 65 88 57 87 56 74 20 77 48 98 
0 0 0 0 0 0 0 0 0 0 0 0 0 0 0 0 0 0 0 0 0 0 0 0 0 0 0 0 0 0 0 0 0 0 0 0 0 0 0 0 0 0 0 0 0 0 0 0 0 0 
64 152 243 3 4 65 6 236 8 76 229 224 223 222 220 79 81 102 110 205 204 45 203 198 42 192 181 178 134 246 167 117 160 174 94 142 240 138 107 48 78 132 193 83 129 54 84 208 18 135 
126 125 2 52 38 51 86 122 8 9 68 121 120 13 116 15 16 17 18 114 48 46 63 113 71 73 92 27 59 58 94 31 107 77 84 103 39 99 123 93 97 87 5 112 90 88 20 47 21 6 
253 64 241 3 240 238 228 221 8 9 10 220 213 207 202 187 60 181 18 175 174 172 167 163 159 152 142 139 138 137 30 135 133 126 122 35 36 121 38 119 40 98 84 78 77 74 68 47 48 53 
0 0 0 0 0 0 0 0 0 0 0 0 0 0 0 0 0 0 0 0 0 0 0 0 0 0 0 0 0 0 0 0 0 0 0 0 0 0 0 0 0 0 0 0 0 0 0 0 0 0 
29 118 112 3 106 93 6 84 8 71 10 11 64 62 61 15 60 57 56 19 51 41 127 70 24 124 103 72 75 63 120 119 117 113 34 77 36 37 38 81 49 87 42 123 101 96 46 47 85 58 
25 245 219 187 176 171 143 137 123 118 10 91 12 13 81 77 16 38 18 31 253 66 247 124 89 238 236 228 212 202 191 4 170 107 34 35 151 144 142 141 40 112 50 43 128 119 46 71 113 127 
0 0 0 0 0 0 0 0 0 0 0 0 0 0 0 0 0 0 0 0 0 0 0 0 0 0 0 0 0 0 0 0 0 0 0 0 0 0 0 0 0 0 0 0 0 0 0 0 0 0 
46 125 2 3 122 120 119 117 77 112 10 11 78 13 111 106 55 17 102 99 20 21 81 93 24 92 26 27 70 29 30 69 68 33 34 35 36 63 91 39 61 88 42 43 84 59 54 52 50 49 
52 242 240 228 4 217 214 212 201 199 196 191 188 185 14 183 16 178 18 171 169 21 167 23 150 139 137 133 132 131 129 123 32 121 106 35 104 99 95 94 40 90 85 43 44 69 54 53 255 70 
0 0 0 0 0 0 0 0 0 0 0 0 0 0 0 0 0 0 0 0 0 0 0 0 0 0 0 0 0 0 0 0 0 0 0 0 0 0 0 0 0 0 0 0 0 0 0 0 0 0 
42 125 2 3 117 111 108 7 107 105 102 11 101 13 14 98 86 17 82 19 20 21 22 81 24 76 26 27 73 69 66 62 60 52 34 35 36 49 44 127 93 61 121 53 110 79 106 56 91 96 
80 16 126 41 84 176 108 93 31 206 209 22 222 130 155 69 70 218 215 68 20 141 229 212 232 235 196 67 192 103 104 147 32 189 34 149 185 178 38 90 154 238 170 116 161 45 14 132 151 6 
0 0 0 0 0 0 0 0 0 0 0 0 0 0 0 0 0 0 0 0 0 0 0 0 0 0 0 0 0 0 0 0 0 0 0 0 0 0 0 0 0 0 0 0 0 0 0 0 0 0 
23 104 99 3 97 71 45 44 38 127 37 80 125 79 14 65 16 64 18 62 59 114 22 113 24 25 58 27 49 29 30 105 111 42 39 91 63 86 85 52 110 107 93 102 94 50 101 74 100 46 
53 171 2 166 125 108 107 7 72 255 192 204 12 249 248 75 83 247 18 238 237 231 230 122 24 25 193 27 123 29 129 227 32 130 145 199 226 148 38 164 176 219 214 183 211 185 76 188 206 49 
0 0 0 0 0 0 0 0 0 0 0 0 0 0 0 0 0 0 0 0 0 0 0 0 0 0 0 0 0 0 0 0 0 0 0 0 0 0 0 0 0 0 0 0 0 0 0 0 0 0 
113 89 106 123 4 5 6 80 109 97 10 11 12 13 119 51 118 17 18 19 20 75 22 98 24 102 26 70 69 50 30 68 32 103 34 35 116 48 115 39 40 41 66 107 110 45 60 65 49 37 
255 16 2 3 210 209 208 193 123 50 31 24 254 40 14 242 238 233 217 199 176 171 154 153 151 128 126 27 104 98 93 81 61 57 34 47 13 87 52 227 144 192 94 56 120 101 179 44 173 161 
0 0 0 0 0 0 0 0 0 0 0 0 0 0 0 0 0 0 0 0 0 0 0 0 0 0 0 0 0 0 0 0 0 0 0 0 0 0 0 0 0 0 0 0 0 0 0 0 0 0 
17 1 123 115 114 5 100 95 8 77 69 11 50 13 40 126 16 76 41 19 20 82 117 23 68 66 26 58 57 3 56 31 86 112 110 53 109 52 38 88 14 122 75 10 74 45 70 78 47 90 
38 1 2 254 251 234 6 233 232 218 216 212 206 186 176 164 148 147 139 19 130 114 99 94 90 81 76 27 75 71 69 56 55 53 34 47 46 255 67 39 247 241 236 120 224 217 98 54 177 127 
0 0 0 0 0 0 0 0 0 0 0 0 0 0 0 0 0 0 0 0 0 0 0 0 0 0 0 0 0 0 0 0 0 0 0 0 0 0 0 0 0 0 0 0 0 0 0 0 0 0 
16 126 109 106 105 90 71 49 48 45 127 35 116 115 111 102 100 98 89 19 87 78 22 72 24 25 67 27 63 51 30 44 43 39 11 7 114 4 92 85 83 41 80 79 59 54 46 47 50 34 
84 250 62 245 69 242 6 232 230 70 81 220 217 214 212 203 53 82 193 48 20 174 168 166 47 25 157 27 45 147 130 129 124 114 34 109 108 107 38 87 40 86 85 43 64 80 46 76 183 156 
0 0 0 0 0 0 0 0 0 0 0 0 0 0 0 0 0 0 0 0 0 0 0 0 0 0 0 0 0 0 0 0 0 0 0 0 0 0 0 0 0 0 0 0 0 0 0 0 0 0 
39 486 2 485 481 473 458 7 436 432 408 402 372 366 361 344 306 287 18 249 233 230 224 218 203 202 180 178 160 155 149 142 139 134 132 110 36 96 69 498 71 496 493 475 459 433 430 428 392 391 
203 138 248 86 4 240 163 7 230 175 89 183 12 224 218 90 57 125 29 100 68 208 207 206 24 205 131 115 142 145 119 191 189 33 209 213 186 37 185 11 40 178 42 229 44 174 6 160 18 49 
56 478 2 469 461 5 458 452 432 427 387 377 366 354 348 315 16 293 288 277 270 263 246 23 238 231 230 227 225 29 211 198 184 174 160 150 149 146 140 134 124 108 106 98 92 85 62 47 496 495 
0 0 0 0 0 0 0 0 0 0 0 0 0 0 0 0 0 0 0 0 0 0 0 0 0 0 0 0 0 0 0 0 0 0 0 0 0 0 0 0 0 0 0 0 0 0 0 0 0 0 
12 199 109 75 36 247 243 49 235 230 227 226 224 13 14 223 1 191 18 19 190 185 22 184 169 164 149 147 135 133 129 126 116 103 101 94 91 83 76 64 57 41 53 239 74 45 81 210 201 93 
461 105 126 59 494 148 232 27 22 84 181 167 446 443 132 434 420 413 410 407 389 135 144 377 158 376 374 466 371 345 321 300 298 287 280 277 160 276 266 264 260 253 244 241 239 45 233 490 165 458 
0 0 0 0 0 0 0 0 0 0 0 0 0 0 0 0 0 0 0 0 0 0 0 0 0 0 0 0 0 0 0 0 0 0 0 0 0 0 0 0 0 0 0 0 0 0 0 0 0 0 
50 1 2 236 233 212 210 207 204 203 10 198 12 13 193 188 184 182 18 178 20 171 167 23 166 165 164 163 138 29 126 113 111 106 105 95 36 89 83 79 72 69 68 58 51 255 46 76 239 221 
212 300 497 493 49 115 489 484 483 219 234 465 461 455 140 442 209 428 260 407 399 381 378 23 65 279 141 374 360 145 499 321 333 187 336 343 280 375 265 39 40 18 255 246 439 10 228 47 478 491 
0 0 0 0 0 0 0 0 0 0 0 0 0 0 0 0 0 0 0 0 0 0 0 0 0 0 0 0 0 0 0 0 0 0 0 0 0 0 0 0 0 0 0 0 0 0 0 0 0 0 
16 73 253 121 4 126 248 159 163 36 186 79 171 99 14 235 114 132 230 225 134 218 143 210 147 150 151 182 12 50 30 51 174 98 34 35 241 170 166 242 65 160 243 60 125 53 190 22 136 177 
342 487 82 484 95 129 191 447 195 196 222 419 12 13 418 232 16 252 283 36 393 21 301 339 381 379 373 72 230 357 383 326 116 33 294 293 404 171 281 39 275 259 355 409 234 417 486 83 217 467 
0 0 0 0 0 0 0 0 0 0 0 0 0 0 0 0 0 0 0 0 0 0 0 0 0 0 0 0 0 0 0 0 0 0 0 0 0 0 0 0 0 0 0 0 0 0 0 0 0 0 
42 254 245 240 238 231 220 214 210 205 201 178 158 13 153 150 143 17 18 138 131 129 120 114 24 91 87 27 85 29 72 69 67 66 64 55 36 37 45 255 77 233 78 43 232 83 229 228 105 108 
47 1 505 492 483 480 463 447 431 428 420 415 12 413 406 381 368 341 316 301 276 21 272 260 259 255 246 237 236 232 226 199 197 33 97 69 511 64 504 482 40 461 42 454 451 436 399 382 48 355 
0 0 0 0 0 0 0 0 0 0 0 0 0 0 0 0 0 0 0 0 0 0 0 0 0 0 0 0 0 0 0 0 0 0 0 0 0 0 0 0 0 0 0 0 0 0 0 0 0 0 
174 86 88 89 90 248 245 226 92 97 224 222 12 221 104 15 131 208 45 155 204 163 170 190 78 25 189 175 101 119 75 63 194 33 167 202 36 162 157 71 40 153 42 152 44 18 147 47 146 24 
52 486 378 370 335 324 279 199 196 150 509 374 163 482 479 467 463 456 169 442 428 21 220 273 413 316 407 77 47 399 125 128 141 33 146 383 191 367 246 341 409 304 42 302 296 419 260 83 108 60 
0 0 0 0 0 0 0 0 0 0 0 0 0 0 0 0 0 0 0 0 0 0 0 0 0 0 0 0 0 0 0 0 0 0 0 0 0 0 0 0 0 0 0 0 0 0 0 0 0 0 
88 254 211 89 4 209 27 53 173 194 107 75 110 13 14 72 180 117 118 228 20 120 181 68 123 234 191 39 93 95 148 202 200 196 126 133 204 37 62 237 193 26 190 187 44 186 30 221 233 179 
47 496 491 3 483 482 480 434 421 407 378 375 353 352 343 328 316 295 283 253 219 212 22 23 157 25 151 27 146 144 142 113 32 97 90 82 68 67 60 53 51 505 42 141 457 45 435 418 399 145 
0 0 0 0 0 0 0 0 0 0 0 0 0 0 0 0 0 0 0 0 0 0 0 0 0 0 0 0 0 0 0 0 0 0 0 0 0 0 0 0 0 0 0 0 0 0 0 0 0 0 
79 145 84 252 152 194 148 88 61 247 147 55 62 239 235 234 16 121 136 19 233 232 22 138 24 190 227 192 67 215 211 39 90 189 169 50 36 206 155 31 197 41 249 76 251 222 228 150 4 204 
316 81 502 487 486 483 475 84 447 443 439 65 151 413 154 192 224 17 42 385 363 35 272 340 322 293 79 225 28 85 299 319 286 273 360 21 267 262 98 260 258 252 389 236 169 230 217 504 390 218 
0 0 0 0 0 0 0 0 0 0 0 0 0 0 0 0 0 0 0 0 0 0 0 0 0 0 0 0 0 0 0 0 0 0 0 0 0 0 0 0 0 0 0 0 0 0 0 0 0 0 
51 975 680 671 614 5 535 340 253 125 111 1012 36 982 880 794 739 466 364 181 20 1010 358 368 497 505 896 891 191 885 878 859 838 834 296 821 763 737 727 697 2 653 648 640 44 578 560 548 529 916 
24 497 478 452 442 437 418 411 397 382 281 271 12 256 250 157 16 139 108 94 20 75 58 507 53 493 287 292 319 439 430 105 158 33 428 403 399 389 383 200 214 379 367 43 361 339 223 324 440 296 
778 1008 144 995 152 986 975 57 188 324 325 873 70 125 393 164 236 762 742 738 702 682 275 646 600 304 362 381 535 529 518 102 509 504 482 445 439 821 397 269 27 555 917 935 573 648 272 423 267 766 
0 0 0 0 0 0 0 0 0 0 0 0 0 0 0 0 0 0 0 0 0 0 0 0 0 0 0 0 0 0 0 0 0 0 0 0 0 0 0 0 0 0 0 0 0 0 0 0 0 0 
175 478 344 200 471 458 454 453 85 447 271 300 310 432 324 425 388 387 385 31 335 369 368 355 341 352 87 473 58 206 225 251 254 261 325 428 36 323 318 39 71 435 303 440 283 275 46 443 266 330 
34 1000 966 920 910 766 676 424 402 356 288 287 236 100 49 47 44 40 1023 96 439 186 986 977 968 942 914 892 881 878 869 821 806 796 782 726 707 645 38 632 606 510 508 506 492 464 456 451 1012 437 
0 0 0 0 0 0 0 0 0 0 0 0 0 0 0 0 0 0 0 0 0 0 0 0 0 0 0 0 0 0 0 0 0 0 0 0 0 0 0 0 0 0 0 0 0 0 0 0 0 0 
69 479 443 429 408 392 379 371 345 295 268 11 264 258 247 234 232 221 198 160 131 123 119 111 500 497 112 117 124 132 147 148 397 109 34 196 378 209 364 229 336 325 324 311 9 252 242 16 360 228 
716 1009 102 56 122 157 954 290 291 393 494 914 510 766 757 525 609 231 482 705 20 242 671 658 54 724 275 27 283 529 528 341 848 404 488 723 939 456 443 433 209 415 407 920 394 923 368 741 930 467 
0 0 0 0 0 0 0 0 0 0 0 0 0 0 0 0 0 0 0 0 0 0 0 0 0 0 0 0 0 0 0 0 0 0 0 0 0 0 0 0 0 0 0 0 0 0 0 0 0 0 
136 488 357 77 142 455 453 152 170 441 123 439 249 273 14 420 415 412 336 338 367 484 225 105 386 334 316 141 285 275 274 425 154 194 254 250 47 247 44 346 98 468 189 245 246 45 215 432 255 226 
29 1005 995 124 151 872 260 854 812 800 793 290 771 712 692 683 680 635 625 309 599 586 322 40 563 561 442 516 538 83 121 201 118 279 34 455 454 37 547 373 564 331 567 321 313 617 303 786 515 271 
0 0 0 0 0 0 0 0 0 0 0 0 0 0 0 0 0 0 0 0 0 0 0 0 0 0 0 0 0 0 0 0 0 0 0 0 0 0 0 0 0 0 0 0 0 0 0 0 0 0 
138 15 183 476 460 54 218 271 495 352 445 443 139 160 441 91 99 63 47 327 329 338 342 96 147 156 192 204 450 418 420 433 319 314 298 293 278 274 446 269 265 41 251 250 248 242 115 435 234 417 
12 988 908 128 1005 69 960 945 942 100 218 928 667 913 899 272 302 303 821 309 800 441 767 764 609 611 752 751 744 729 697 683 644 231 52 232 338 573 547 447 771 405 401 375 761 329 311 809 854 856 
61 1 493 491 4 486 370 281 266 246 243 237 234 230 215 139 106 102 504 93 501 481 477 470 100 182 461 460 194 224 166 140 429 160 292 371 68 141 154 369 343 41 42 325 323 318 46 297 425 289 
521 203 1000 114 479 118 897 160 8 840 202 227 232 559 339 86 347 42 460 492 683 524 527 536 636 633 31 604 802 367 553 630 642 88 661 679 955 695 960 967 725 444 765 436 381 371 578 16 783 279 
45 503 498 470 469 5 426 392 373 369 351 340 326 314 291 15 280 273 262 251 248 21 246 23 225 25 217 210 176 159 134 127 123 121 34 90 58 54 50 510 71 85 493 492 480 468 455 451 444 437 
46 819 804 754 649 590 511 510 475 344 336 11 314 298 223 218 193 182 157 69 1016 86 937 924 886 881 877 27 28 847 772 749 657 586 553 499 458 414 403 393 377 364 355 292 264 230 20 226 108 998 
86 1 2 3 4 5 246 7 67 235 10 233 12 231 68 226 225 224 18 71 221 21 22 220 219 72 216 200 28 54 85 52 175 174 173 172 171 170 165 39 107 106 97 92 90 89 88 87 51 65 
0 0 0 0 0 0 0 0 0 0 0 0 0 0 0 0 0 0 0 0 0 0 0 0 0 0 0 0 0 0 0 0 0 0 0 0 0 0 0 0 0 0 0 0 0 0 0 0 0 0 
0 0 0 0 0 0 0 0 0 0 0 0 0 0 0 0 0 0 0 0 0 0 0 0 0 0 0 0 0 0 0 0 0 0 0 0 0 0 0 0 0 0 0 0 0 0 0 0 0 0 
101 58 64 3 183 249 118 77 53 127 52 201 12 13 131 244 243 48 240 238 234 21 73 206 232 208 186 224 63 204 30 31 68 33 34 35 36 218 216 215 149 26 214 43 226 233 29 47 242 245 
0 0 0 0 0 0 0 0 0 0 0 0 0 0 0 0 0 0 0 0 0 0 0 0 0 0 0 0 0 0 0 0 0 0 0 0 0 0 0 0 0 0 0 0 0 0 0 0 0 0 
0 0 0 0 0 0 0 0 0 0 0 0 0 0 0 0 0 0 0 0 0 0 0 0 0 0 0 0 0 0 0 0 0 0 0 0 0 0 0 0 0 0 0 0 0 0 0 0 0 0 
231 84 66 148 219 5 239 7 238 81 182 147 74 104 229 227 241 215 88 95 67 207 150 23 249 35 171 27 186 59 127 57 128 168 167 129 159 37 134 52 99 112 135 143 3 45 232 9 142 138 
66 1 506 483 473 5 460 448 425 395 367 295 12 294 14 248 189 17 18 154 147 110 95 79 511 52 26 468 467 412 354 335 277 265 263 262 247 219 195 182 181 172 166 25 101 465 163 459 436 432 
35 1 69 250 246 232 71 77 78 213 10 206 95 104 204 15 107 199 18 197 53 21 142 190 48 187 149 186 177 175 30 42 169 161 36 68 46 166 163 112 155 52 145 43 34 148 252 6 189 7 
180 509 498 274 511 332 80 68 505 176 194 214 429 425 228 229 414 234 240 36 308 76 72 248 334 349 329 320 380 304 138 301 293 291 285 284 382 283 273 39 267 41 42 157 197 261 255 249 338 137 
26 193 2 192 181 5 173 172 170 135 10 130 111 93 92 48 16 34 33 19 20 253 251 140 132 74 164 165 239 108 167 102 212 49 17 35 36 202 100 199 197 195 189 188 187 45 182 179 178 211 
19 445 421 409 396 339 327 248 215 202 123 122 95 34 510 343 508 98 500 473 52 100 452 110 174 428 199 250 263 349 287 324 66 193 150 310 156 353 358 246 190 233 411 196 347 77 78 80 57 441 
158 1 2 3 4 5 90 7 85 136 174 137 139 13 86 145 16 87 166 19 89 146 163 23 88 156 79 159 131 157 30 65 63 80 60 150 135 54 50 144 46 41 142 141 171 45 143 47 48 49 
0 0 0 0 0 0 0 0 0 0 0 0 0 0 0 0 0 0 0 0 0 0 0 0 0 0 0 0 0 0 0 0 0 0 0 0 0 0 0 0 0 0 0 0 0 0 0 0 0 0 
0 0 0 0 0 0 0 0 0 0 0 0 0 0 0 0 0 0 0 0 0 0 0 0 0 0 0 0 0 0 0 0 0 0 0 0 0 0 0 0 0 0 0 0 0 0 0 0 0 0 
55 120 119 3 4 5 118 116 8 9 112 111 12 110 109 107 16 53 94 92 20 21 22 23 91 25 90 27 28 29 30 87 32 86 80 78 36 37 73 72 40 71 70 43 44 45 69 58 48 52 
0 0 0 0 0 0 0 0 0 0 0 0 0 0 0 0 0 0 0 0 0 0 0 0 0 0 0 0 0 0 0 0 0 0 0 0 0 0 0 0 0 0 0 0 0 0 0 0 0 0 
0 0 0 0 0 0 0 0 0 0 0 0 0 0 0 0 0 0 0 0 0 0 0 0 0 0 0 0 0 0 0 0 0 0 0 0 0 0 0 0 0 0 0 0 0 0 0 0 0 0 
126 20 114 97 4 93 90 76 39 9 21 11 1 89 122 91 57 80 18 100 120 116 22 115 24 2 7 27 96 55 73 72 103 104 71 69 62 66 38 106 40 95 59 63 51 61 46 47 48 36 
34 253 232 231 4 188 171 169 168 141 10 140 12 133 14 128 120 112 18 109 100 92 90 23 88 25 83 72 28 60 55 41 254 53 249 218 172 163 162 149 131 130 42 119 97 89 46 85 59 33 
126 22 2 3 73 5 6 124 72 123 65 122 58 118 89 48 93 30 115 26 110 75 38 109 108 68 112 27 64 85 59 101 100 55 99 90 96 97 21 57 76 60 125 53 116 45 46 82 91 49 
87 1 242 240 64 230 226 7 222 220 214 211 201 13 14 67 193 189 186 19 180 176 174 23 169 162 70 161 159 151 79 142 139 135 123 121 112 37 100 39 99 86 58 59 73 82 30 41 26 15 
115 1 73 68 125 102 64 63 60 9 55 11 12 13 14 47 16 17 46 19 44 21 22 23 124 120 26 27 43 119 40 113 83 87 89 54 79 78 91 39 53 75 111 99 50 101 109 15 106 18 
36 1 242 3 4 240 231 215 194 9 10 11 168 157 138 112 104 92 83 79 74 71 70 67 59 55 54 51 28 44 250 73 248 78 34 246 53 37 94 221 213 151 188 43 130 45 175 170 106 178 
29 1 2 3 4 5 174 7 146 107 10 97 12 92 14 90 16 89 88 19 87 86 22 85 56 38 32 235 193 170 194 191 171 172 173 231 189 37 175 177 178 180 42 181 182 63 183 187 188 36 
0 0 0 0 0 0 0 0 0 0 0 0 0 0 0 0 0 0 0 0 0 0 0 0 0 0 0 0 0 0 0 0 0 0 0 0 0 0 0 0 0 0 0 0 0 0 0 0 0 0 
max layer loc of bias
0.888103 1.023400 1.650066 1.970019 1.914242 1.005767 2.622232 0.856298 0.959796 1.160609 0.978093 0.923204 0.925015 0.896907 1.555402 1.649351 0.913351 0.857087 0.976556 0.877136 1.107481 0.990710 0.952544 1.021120 0.934769 0.992159 1.200779 1.142262 1.051065 0.886218 1.058800 0.979445 0.930175 1.071855 1.195567 0.889285 1.053388 0.988457 1.088499 1.245997 1.321099 1.169265 0.973253 0.870851 0.864899 0.865838 0.855346 0.852038 0.847266 0.843497 
91 73 72 72 72 72 72 73 75 75 69 69 75 75 66 66 76 76 76 77 64 77 77 77 77 77 77 77 78 78 79 79 79 79 79 79 79 79 79 79 79 80 80 89 89 91 37 27 444 336 
211 34 226 255 432 246 245 271 418 293 242 311 446 242 266 323 547 311 854 371 935 369 41 42 325 323 318 289 725 16 34 510 71 493 492 480 468 455 451 444 437 20 998 148 6 202 37 27 444 336 
CUDA Error
